
desired balances:
BTC: 0.16522399795345433
ETH: -3.5333771695586886
