
desired balances:
BTC: 0.23144253707638415
ETH: -0.045739045090204385
