
desired balances:
BTC: 0.005794814958243766
ETH: -2.5519789028368898

desired balances:
BTC: -0.16799084250454416
ETH: -3.1034262404445667

desired balances:
BTC: -0.16220633290505843
ETH: -3.0673663670110214
