
desired balances:
BTC: 0.24936156350974992
ETH: -0.4084754437416412
