
desired balances:
BTC: 0.005794814958243766
ETH: -2.5519789028368898
