
desired balances:
BTC: 0.21652110406327862
ETH: -1.868853878894804
