
desired balances:
BTC: 0.2548928984614393
ETH: 0.6145184063532452
