
desired balances:
BTC: 0.05679503003868553
ETH: -0.7016406306068521

desired balances:
BTC: 0.05679503003868553
ETH: -0.7016406306068521
