
desired balances:
BTC: 0.15590567353936358
ETH: 1.2122737885497268

desired balances:
BTC: 0.15590567353936358
ETH: 1.2122737885497268

desired balances:
BTC: 0.15590567353936358
ETH: 1.2122737885497268
