
desired balances:
BTC: -0.022237841401289902
ETH: -1.4248297511045331

desired balances:
BTC: -0.022237841401289902
ETH: -1.4248297511045331

desired balances:
BTC: -0.022237841401289902
ETH: -1.4248297511045331

desired balances:
BTC: -0.04217220610329907
ETH: -1.2647649349976986
