
desired balances:
BTC: 0.2769588886371003
ETH: 0.6987163805662714

desired balances:
BTC: 0.2769588886371003
ETH: 0.6987163805662714

desired balances:
BTC: 0.2769588886371003
ETH: 0.6987163805662714

desired balances:
BTC: 0.2769588886371003
ETH: 0.6987163805662714
