
desired balances:
BTC: 0.24895811834481746
ETH: -0.9373601418860795
