
desired balances:
BTC: 0.2728763240579705
ETH: -0.391843478480678
