
desired balances:
BTC: 0.26660047053403857
ETH: -0.6913107088666527
