
desired balances:
BTC: 0.05679503003868553
ETH: -0.7016406306068521

desired balances:
BTC: 0.05679503003868553
ETH: -0.7016406306068521

desired balances:
BTC: 0.05460776945538142
ETH: -0.6904136275068504

desired balances:
BTC: 0.05460776945538142
ETH: -0.6904136275068504
