
desired balances:
BTC: 0.24095825352789746
ETH: 1.2498448905404664
