
desired balances:
BTC: 0.16621975584638937
ETH: -4.015788097188712
